Date: 7/15/2016

From File
Energy
C:\Beamline Controls\BCS Setup Data\scan files\UIC-Cabana\MnL-edge.txt
: 2.00000000
: 65.00000000
: 0.20000000
Delay After Move (s): 0.00000000
Count Time (s): 1.00000000
Scan Number: Average of 3 scans
Bi-directional: No
Stay at End: 1
Description Length: 0

Time of Day	Time (s)	Energy	Channeltron	Counter 0	Counter 2	Counter 3	Counter 4	Counter 5	Counter 6	Izero	TEY_up	TEY_dn	Analog 2	Analog 3	Energy	Beam Current	Main Chamber Pressure	Flow Cell Pressure	Temp A	Temp B	Temp C	Temp D	Gate
20:41:47	2952.86800000	630.00155004	1264.00000000	0.00000000	0.00000000	0.00000000	0.00000000	0.00000000	0.00000000	192264.33333333	13827.99027310	-829.60661618	-0.01614458	0.01111238	630.00139270	500.16902262	0.00000001	0.00000015	0.00000000	0.00000000	0.00000000	0.00000000	0.00000000
20:41:47	2952.86800000	630.49904140	1295.00000000	0.00000000	0.00000000	0.00000000	0.00000000	0.00000000	0.00000000	193233.66666667	14178.52275122	-841.14152609	-0.01597832	0.01129698	630.49940958	500.20975511	0.00000001	0.00000015	0.00000000	0.00000000	0.00000000	0.00000000	0.00000000
20:41:47	2952.86800000	630.99907692	1286.33333333	0.00000000	0.00000000	0.00000000	0.00000000	0.00000000	0.00000000	193949.33333333	14404.77902452	-809.23116090	-0.01629618	0.01099195	631.00006515	500.16372443	0.00000001	0.00000015	0.00000000	0.00000000	0.00000000	0.00000000	0.00000000
20:41:47	2952.86800000	631.50018421	1316.33333333	0.00000000	0.00000000	0.00000000	0.00000000	0.00000000	0.00000000	194635.33333333	14467.05238596	-865.30965118	-0.01573610	0.01153542	631.50023271	500.18360324	0.00000001	0.00000015	0.00000000	0.00000000	0.00000000	0.00000000	0.00000000
20:41:47	2952.86800000	632.00013897	1267.66666667	0.00000000	0.00000000	0.00000000	0.00000000	0.00000000	0.00000000	195929.33333333	14525.85228974	-851.97849836	-0.01584663	0.01142261	631.99995025	500.26142307	0.00000001	0.00000015	0.00000000	0.00000000	0.00000000	0.00000000	0.00000000
20:41:47	2952.86800000	632.50004935	1333.33333333	0.00000000	0.00000000	0.00000000	0.00000000	0.00000000	0.00000000	196816.00000000	14537.73346274	-828.02678792	-0.01615940	0.01110015	632.50062729	500.17474467	0.00000001	0.00000015	0.00000000	0.00000000	0.00000000	0.00000000	0.00000000
20:41:47	2952.86800000	632.99954083	1281.33333333	0.00000000	0.00000000	0.00000000	0.00000000	0.00000000	0.00000000	197405.66666667	14644.50711946	-788.86652606	-0.01652920	0.01070633	633.00031979	500.17283732	0.00000001	0.00000015	0.00000000	0.00000000	0.00000000	0.00000000	0.00000000
20:41:47	2952.86800000	633.50019485	1270.33333333	0.00000000	0.00000000	0.00000000	0.00000000	0.00000000	0.00000000	198452.66666667	14690.50067684	-778.68961934	-0.01657232	0.01072283	633.50004444	500.36314833	0.00000001	0.00000015	0.00000000	0.00000000	0.00000000	0.00000000	0.00000000
20:41:47	2952.86800000	634.00024045	1318.66666667	0.00000000	0.00000000	0.00000000	0.00000000	0.00000000	0.00000000	199165.33333333	14728.07569812	-787.02700027	-0.01655815	0.01070985	634.00004646	500.26735704	0.00000001	0.00000015	0.00000000	0.00000000	0.00000000	0.00000000	0.00000000
20:41:47	2952.86800000	634.49948577	1301.66666667	0.00000000	0.00000000	0.00000000	0.00000000	0.00000000	0.00000000	200157.00000000	14853.47184916	-770.81211961	-0.01670753	0.01057600	634.49945922	500.26231316	0.00000001	0.00000015	0.00000000	0.00000000	0.00000000	0.00000000	0.00000000
20:41:47	2952.86800000	634.99895579	1317.66666667	0.00000000	0.00000000	0.00000000	0.00000000	0.00000000	0.00000000	200900.66666667	14844.37160637	-830.18011533	-0.01610124	0.01116962	634.99964537	500.26032104	0.00000001	0.00000015	0.00000000	0.00000000	0.00000000	0.00000000	0.00000000
20:41:47	2952.86800000	635.09931907	1319.33333333	0.00000000	0.00000000	0.00000000	0.00000000	0.00000000	0.00000000	201378.00000000	14888.66630762	-816.39449148	-0.01623645	0.01104497	635.09924224	500.26862861	0.00000001	0.00000015	0.00000000	0.00000000	0.00000000	0.00000000	0.00000000
20:41:47	2952.86800000	635.20252673	1301.33333333	0.00000000	0.00000000	0.00000000	0.00000000	0.00000000	0.00000000	201391.00000000	14873.56055376	-798.01546273	-0.01643890	0.01083542	635.20098210	500.22217407	0.00000001	0.00000015	0.00000000	0.00000000	0.00000000	0.00000000	0.00000000
20:41:47	2952.86800000	635.30211031	1304.66666667	0.00000000	0.00000000	0.00000000	0.00000000	0.00000000	0.00000000	200927.66666667	14895.42927025	-847.17408921	-0.01593644	0.01129395	635.30165144	500.13405457	0.00000001	0.00000015	0.00000000	0.00000000	0.00000000	0.00000000	0.00000000
20:41:47	2952.86800000	635.40191275	1298.33333333	0.00000000	0.00000000	0.00000000	0.00000000	0.00000000	0.00000000	201698.00000000	14953.75306141	-848.37519149	-0.01584165	0.01145551	635.40179653	500.20738152	0.00000001	0.00000015	0.00000000	0.00000000	0.00000000	0.00000000	0.00000000
20:41:47	2952.86800000	635.50033891	1307.66666667	0.00000000	0.00000000	0.00000000	0.00000000	0.00000000	0.00000000	201767.33333333	14924.08800135	-814.48463057	-0.01623196	0.01106715	635.50040633	500.12578939	0.00000001	0.00000015	0.00000000	0.00000000	0.00000000	0.00000000	0.00000000
20:41:47	2952.86800000	635.60292596	1321.66666667	0.00000000	0.00000000	0.00000000	0.00000000	0.00000000	0.00000000	202006.66666667	14963.39434127	-802.65215012	-0.01639692	0.01087108	635.60115185	500.39917603	0.00000001	0.00000015	0.00000000	0.00000000	0.00000000	0.00000000	0.00000000
20:41:47	2952.86800000	635.70009978	1325.66666667	0.00000000	0.00000000	0.00000000	0.00000000	0.00000000	0.00000000	202096.00000000	14922.54604587	-801.82436362	-0.01637052	0.01089142	635.70025998	500.29448378	0.00000001	0.00000015	0.00000000	0.00000000	0.00000000	0.00000000	0.00000000
20:41:47	2952.86800000	635.80040304	1306.33333333	0.00000000	0.00000000	0.00000000	0.00000000	0.00000000	0.00000000	202485.00000000	14913.47285515	-815.66950169	-0.01624537	0.01101245	635.80052546	500.20382114	0.00000001	0.00000015	0.00000000	0.00000000	0.00000000	0.00000000	0.00000000
20:41:47	2952.86800000	635.90073796	1282.33333333	0.00000000	0.00000000	0.00000000	0.00000000	0.00000000	0.00000000	202366.66666667	14933.85913007	-839.16133060	-0.01604378	0.01122773	635.90024350	500.20674574	0.00000001	0.00000015	0.00000000	0.00000000	0.00000000	0.00000000	0.00000000
20:41:47	2952.86800000	635.99997666	1377.00000000	0.00000000	0.00000000	0.00000000	0.00000000	0.00000000	0.00000000	202583.00000000	14996.01887378	-794.96401368	-0.01644561	0.01079366	636.00020003	500.25951572	0.00000001	0.00000015	0.00000000	0.00000000	0.00000000	0.00000000	0.00000000
20:41:47	2952.86800000	636.10028056	1310.00000000	0.00000000	0.00000000	0.00000000	0.00000000	0.00000000	0.00000000	202784.33333333	15026.59287594	-855.87396506	-0.01586373	0.01141964	636.10054358	500.16686096	0.00000001	0.00000015	0.00000000	0.00000000	0.00000000	0.00000000	0.00000000
20:41:47	2952.86800000	636.20146255	1277.00000000	0.00000000	0.00000000	0.00000000	0.00000000	0.00000000	0.00000000	203111.66666667	14967.65230258	-791.00362263	-0.01644859	0.01086794	636.20047998	500.26875576	0.00000001	0.00000015	0.00000000	0.00000000	0.00000000	0.00000000	0.00000000
20:41:47	2952.86800000	636.30032475	1376.00000000	0.00000000	0.00000000	0.00000000	0.00000000	0.00000000	0.00000000	203351.00000000	14970.34125651	-799.10294733	-0.01639854	0.01089586	636.30023220	500.32377218	0.00000001	0.00000015	0.00000000	0.00000000	0.00000000	0.00000000	0.00000000
20:41:47	2952.86800000	636.40166451	1290.33333333	0.00000000	0.00000000	0.00000000	0.00000000	0.00000000	0.00000000	203351.66666667	14975.71916451	-789.65102997	-0.01645221	0.01083694	636.40125804	500.23963691	0.00000001	0.00000015	0.00000000	0.00000000	0.00000000	0.00000000	0.00000000
20:41:47	2952.86800000	636.50030652	1359.00000000	0.00000000	0.00000000	0.00000000	0.00000000	0.00000000	0.00000000	203641.66666667	15004.83777729	-783.29384460	-0.01658807	0.01070233	636.50001611	500.15283135	0.00000001	0.00000015	0.00000000	0.00000000	0.00000000	0.00000000	0.00000000
20:41:47	2952.86800000	636.59822578	1297.66666667	0.00000000	0.00000000	0.00000000	0.00000000	0.00000000	0.00000000	203668.66666667	14998.57256843	-816.43236398	-0.01623336	0.01105319	636.59947961	500.26540731	0.00000001	0.00000015	0.00000000	0.00000000	0.00000000	0.00000000	0.00000000
20:41:47	2952.86800000	636.70003725	1303.33333333	0.00000000	0.00000000	0.00000000	0.00000000	0.00000000	0.00000000	203614.00000000	15049.39217617	-862.95072976	-0.01578988	0.01147055	636.69934946	500.17050612	0.00000001	0.00000015	0.00000000	0.00000000	0.00000000	0.00000000	0.00000000
20:41:47	2952.86800000	636.80018520	1360.33333333	0.00000000	0.00000000	0.00000000	0.00000000	0.00000000	0.00000000	203892.33333333	15104.13971244	-878.75442199	-0.01562156	0.01162723	636.80046575	500.26926439	0.00000001	0.00000015	0.00000000	0.00000000	0.00000000	0.00000000	0.00000000
20:41:47	2952.86800000	636.89998762	1339.00000000	0.00000000	0.00000000	0.00000000	0.00000000	0.00000000	0.00000000	204246.33333333	15063.79458169	-862.49084811	-0.01581882	0.01141493	636.89989210	500.37912767	0.00000001	0.00000015	0.00000000	0.00000000	0.00000000	0.00000000	0.00000000
20:41:47	2952.86800000	637.00217851	1306.66666667	0.00000000	0.00000000	0.00000000	0.00000000	0.00000000	0.00000000	204273.66666667	15083.26109369	-883.91591542	-0.01555274	0.01172186	637.00171472	500.28977898	0.00000001	0.00000015	0.00000000	0.00000000	0.00000000	0.00000000	0.00000000
20:41:47	2952.86800000	637.09978067	1346.33333333	0.00000000	0.00000000	0.00000000	0.00000000	0.00000000	0.00000000	204564.33333333	15069.05346147	-831.80322660	-0.01608696	0.01118282	637.10001873	500.19487779	0.00000001	0.00000015	0.00000000	0.00000000	0.00000000	0.00000000	0.00000000
20:41:47	2952.86800000	637.19996008	1317.66666667	0.00000000	0.00000000	0.00000000	0.00000000	0.00000000	0.00000000	204467.33333333	15081.24843601	-844.07935719	-0.01594526	0.01134584	637.20002391	500.21640964	0.00000001	0.00000015	0.00000000	0.00000000	0.00000000	0.00000000	0.00000000
20:41:47	2952.86800000	637.30281351	1307.00000000	0.00000000	0.00000000	0.00000000	0.00000000	0.00000000	0.00000000	204728.33333333	15087.75711136	-842.38050085	-0.01598048	0.01126971	637.30183840	500.23874681	0.00000001	0.00000015	0.00000000	0.00000000	0.00000000	0.00000000	0.00000000
20:41:47	2952.86800000	637.40097986	1343.33333333	0.00000000	0.00000000	0.00000000	0.00000000	0.00000000	0.00000000	205177.66666667	15141.59570559	-832.23064595	-0.01610140	0.01116097	637.40085554	500.35225525	0.00000001	0.00000015	0.00000000	0.00000000	0.00000000	0.00000000	0.00000000
20:41:47	2952.86800000	637.49993192	1356.00000000	0.00000000	0.00000000	0.00000000	0.00000000	0.00000000	0.00000000	205247.00000000	15146.50832174	-867.70644544	-0.01565802	0.01163508	637.50037870	500.44931810	0.00000001	0.00000015	0.00000000	0.00000000	0.00000000	0.00000000	0.00000000
20:41:47	2952.86800000	637.59995382	1345.66666667	0.00000000	0.00000000	0.00000000	0.00000000	0.00000000	0.00000000	205307.66666667	15126.94983339	-851.42123009	-0.01597377	0.01123206	637.60023597	500.39247911	0.00000001	0.00000015	0.00000000	0.00000000	0.00000000	0.00000000	0.00000000
20:41:47	2952.86800000	637.70066857	1371.00000000	0.00000000	0.00000000	0.00000000	0.00000000	0.00000000	0.00000000	205396.00000000	15190.90581988	-823.50912858	-0.01616076	0.01108993	637.69811994	500.28083564	0.00000001	0.00000015	0.00000000	0.00000000	0.00000000	0.00000000	0.00000000
20:41:47	2952.86800000	637.80018634	1298.00000000	0.00000000	0.00000000	0.00000000	0.00000000	0.00000000	0.00000000	205661.33333333	15187.72452220	-876.85538204	-0.01566057	0.01158184	637.80030708	500.18529867	0.00000001	0.00000015	0.00000000	0.00000000	0.00000000	0.00000000	0.00000000
20:41:47	2952.86800000	637.89992427	1364.00000000	0.00000000	0.00000000	0.00000000	0.00000000	0.00000000	0.00000000	205710.66666667	15169.65388557	-851.06414552	-0.01584241	0.01144528	637.89991923	500.18779941	0.00000001	0.00000015	0.00000000	0.00000000	0.00000000	0.00000000	0.00000000
20:41:47	2952.86800000	638.00007174	1350.33333333	0.00000000	0.00000000	0.00000000	0.00000000	0.00000000	0.00000000	205890.33333333	15188.54148802	-862.79923947	-0.01573096	0.01152514	638.00010139	500.32974854	0.00000001	0.00000015	0.00000000	0.00000000	0.00000000	0.00000000	0.00000000
20:41:47	2952.86800000	638.09911531	1341.66666667	0.00000000	0.00000000	0.00000000	0.00000000	0.00000000	0.00000000	206117.66666667	15204.73472613	-834.11886525	-0.01604611	0.01126165	638.09980386	500.23459303	0.00000001	0.00000015	0.00000000	0.00000000	0.00000000	0.00000000	0.00000000
20:41:47	2952.86800000	638.20055568	1312.66666667	0.00000000	0.00000000	0.00000000	0.00000000	0.00000000	0.00000000	206266.00000000	15276.92529615	-800.49882285	-0.01638583	0.01088725	638.20057031	500.14465095	0.00000001	0.00000015	0.00000000	0.00000000	0.00000000	0.00000000	0.00000000
20:41:47	2952.86800000	638.30022954	1352.66666667	0.00000000	0.00000000	0.00000000	0.00000000	0.00000000	0.00000000	206652.00000000	15272.70520740	-831.57599103	-0.01604313	0.01122189	638.29969838	500.25231018	0.00000001	0.00000015	0.00000000	0.00000000	0.00000000	0.00000000	0.00000000
20:41:47	2952.86800000	638.39936633	1322.00000000	0.00000000	0.00000000	0.00000000	0.00000000	0.00000000	0.00000000	206523.00000000	15334.14537159	-801.69451483	-0.01636565	0.01092772	638.40015871	500.15639174	0.00000001	0.00000015	0.00000000	0.00000000	0.00000000	0.00000000	0.00000000
20:41:47	2952.86800000	638.50014434	1372.00000000	0.00000000	0.00000000	0.00000000	0.00000000	0.00000000	0.00000000	206842.00000000	15320.32187575	-804.00474282	-0.01636413	0.01090771	638.49962149	500.24807163	0.00000001	0.00000015	0.00000000	0.00000000	0.00000000	0.00000000	0.00000000
20:41:47	2952.86800000	638.59991181	1371.00000000	0.00000000	0.00000000	0.00000000	0.00000000	0.00000000	0.00000000	207057.33333333	15360.45059170	-864.76320376	-0.01572160	0.01155533	638.59959044	500.25438707	0.00000001	0.00000015	0.00000000	0.00000000	0.00000000	0.00000000	0.00000000
20:41:47	2952.86800000	638.70037399	1313.00000000	0.00000000	0.00000000	0.00000000	0.00000000	0.00000000	0.00000000	207280.33333333	15394.99039535	-847.87743730	-0.01593363	0.01130191	638.70037090	500.15923157	0.00000001	0.00000015	0.00000000	0.00000000	0.00000000	0.00000000	0.00000000
20:41:47	2952.86800000	638.80238492	1324.33333333	0.00000000	0.00000000	0.00000000	0.00000000	0.00000000	0.00000000	207157.66666667	15484.71597507	-872.62988250	-0.01569260	0.01155976	638.80092585	500.07857191	0.00000001	0.00000015	0.00000000	0.00000000	0.00000000	0.00000000	0.00000000
20:41:47	2952.86800000	638.89997046	1396.66666667	0.00000000	0.00000000	0.00000000	0.00000000	0.00000000	0.00000000	207416.00000000	15524.62827626	-878.20256415	-0.01563995	0.01163573	638.89999166	500.10213826	0.00000001	0.00000015	0.00000000	0.00000000	0.00000000	0.00000000	0.00000000
20:41:47	2952.86800000	638.99948341	1366.33333333	0.00000000	0.00000000	0.00000000	0.00000000	0.00000000	0.00000000	207554.33333333	15629.75176979	-852.21114441	-0.01585832	0.01142418	638.99983033	500.17139621	0.00000001	0.00000015	0.00000000	0.00000000	0.00000000	0.00000000	0.00000000
20:41:47	2952.86800000	639.10253901	1307.66666667	0.00000000	0.00000000	0.00000000	0.00000000	0.00000000	0.00000000	207676.33333333	15698.71234856	-849.14346406	-0.01586140	0.01143803	639.10070477	500.08509928	0.00000001	0.00000015	0.00000000	0.00000000	0.00000000	0.00000000	0.00000000
20:41:47	2952.86800000	639.20002641	1336.66666667	0.00000000	0.00000000	0.00000000	0.00000000	0.00000000	0.00000000	207643.00000000	15960.73116798	-829.76351692	-0.01610270	0.01118380	639.20020744	500.19551358	0.00000001	0.00000015	0.00000000	0.00000000	0.00000000	0.00000000	0.00000000
20:41:47	2952.86800000	639.30029764	1361.00000000	0.00000000	0.00000000	0.00000000	0.00000000	0.00000000	0.00000000	208014.66666667	16235.92964904	-805.71983033	-0.01628979	0.01100645	639.30029890	500.24798686	0.00000001	0.00000015	0.00000000	0.00000000	0.00000000	0.00000000	0.00000000
20:41:47	2952.86800000	639.39993534	1342.00000000	0.00000000	0.00000000	0.00000000	0.00000000	0.00000000	0.00000000	208149.66666667	16426.73176493	-820.32783074	-0.01619890	0.01108376	639.40015831	500.29851040	0.00000001	0.00000015	0.00000000	0.00000000	0.00000000	0.00000000	0.00000000
20:41:47	2952.86800000	639.50026930	1348.00000000	0.00000000	0.00000000	0.00000000	0.00000000	0.00000000	0.00000000	208253.33333333	16643.20608747	-845.56179883	-0.01594023	0.01131597	639.49992550	500.21670634	0.00000001	0.00000015	0.00000000	0.00000000	0.00000000	0.00000000	0.00000000
20:41:47	2952.86800000	639.59958912	1342.66666667	0.00000000	0.00000000	0.00000000	0.00000000	0.00000000	0.00000000	208271.00000000	16799.97697451	-847.90989963	-0.01591832	0.01134232	639.59980015	500.13002794	0.00000001	0.00000015	0.00000000	0.00000000	0.00000000	0.00000000	0.00000000
20:41:47	2952.86800000	639.69979558	1381.00000000	0.00000000	0.00000000	0.00000000	0.00000000	0.00000000	0.00000000	208339.00000000	17017.03020639	-839.15592011	-0.01600781	0.01124266	639.69956146	500.04398532	0.00000001	0.00000015	0.00000000	0.00000000	0.00000000	0.00000000	0.00000000
20:41:47	2952.86800000	639.79917739	1372.66666667	0.00000000	0.00000000	0.00000000	0.00000000	0.00000000	0.00000000	208499.66666667	17413.49131377	-863.22665870	-0.01570212	0.01160348	639.80031914	500.06814507	0.00000001	0.00000015	0.00000000	0.00000000	0.00000000	0.00000000	0.00000000
20:41:47	2952.86800000	639.89954156	1383.33333333	0.00000000	0.00000000	0.00000000	0.00000000	0.00000000	0.00000000	208893.66666667	17845.70955737	-845.04781359	-0.01597248	0.01128308	639.89939397	500.37247314	0.00000001	0.00000015	0.00000000	0.00000000	0.00000000	0.00000000	0.00000000
20:41:47	2952.86800000	639.99908062	1326.00000000	0.00000000	0.00000000	0.00000000	0.00000000	0.00000000	0.00000000	208940.66666667	18412.59732452	-836.93766836	-0.01607733	0.01116546	639.99952271	500.28354831	0.00000001	0.00000015	0.00000000	0.00000000	0.00000000	0.00000000	0.00000000
20:41:47	2952.86800000	640.09998354	1411.66666667	0.00000000	0.00000000	0.00000000	0.00000000	0.00000000	0.00000000	209202.33333333	19407.86738002	-822.36754029	-0.01618521	0.01108500	640.09997077	500.39811639	0.00000001	0.00000015	0.00000000	0.00000000	0.00000000	0.00000000	0.00000000
20:41:47	2952.86800000	640.20320397	1402.66666667	0.00000000	0.00000000	0.00000000	0.00000000	0.00000000	0.00000000	208961.00000000	20438.56453646	-844.80434699	-0.01595749	0.01130347	640.20074526	500.30694512	0.00000001	0.00000015	0.00000000	0.00000000	0.00000000	0.00000000	0.00000000
20:41:47	2952.86800000	640.29988428	1446.00000000	0.00000000	0.00000000	0.00000000	0.00000000	0.00000000	0.00000000	209328.66666667	21681.18047765	-835.13060438	-0.01606786	0.01118915	640.30004822	500.21810506	0.00000001	0.00000015	0.00000000	0.00000000	0.00000000	0.00000000	0.00000000
20:41:47	2952.86800000	640.40326450	1483.66666667	0.00000000	0.00000000	0.00000000	0.00000000	0.00000000	0.00000000	209424.00000000	22803.86474033	-838.99360903	-0.01600900	0.01126831	640.40067193	500.12129652	0.00000001	0.00000015	0.00000000	0.00000000	0.00000000	0.00000000	0.00000000
20:41:47	2952.86800000	640.50038655	1492.00000000	0.00000000	0.00000000	0.00000000	0.00000000	0.00000000	0.00000000	209531.00000000	23847.05984212	-881.12416430	-0.01568248	0.01156150	640.49995049	500.21988525	0.00000001	0.00000015	0.00000000	0.00000000	0.00000000	0.00000000	0.00000000
20:41:47	2952.86800000	640.60078013	1531.33333333	0.00000000	0.00000000	0.00000000	0.00000000	0.00000000	0.00000000	209597.66666667	24971.24818118	-889.85650247	-0.01559727	0.01161690	640.60030700	500.25985480	0.00000001	0.00000015	0.00000000	0.00000000	0.00000000	0.00000000	0.00000000
20:41:47	2952.86800000	640.70006057	1586.00000000	0.00000000	0.00000000	0.00000000	0.00000000	0.00000000	0.00000000	209812.33333333	26253.47342664	-910.94071612	-0.01535764	0.01188249	640.70016792	500.17317641	0.00000001	0.00000015	0.00000000	0.00000000	0.00000000	0.00000000	0.00000000
20:41:47	2952.86800000	640.80051676	1543.33333333	0.00000000	0.00000000	0.00000000	0.00000000	0.00000000	0.00000000	210041.00000000	27094.42888656	-899.50860321	-0.01540958	0.01187524	640.80004621	500.24340922	0.00000001	0.00000015	0.00000000	0.00000000	0.00000000	0.00000000	0.00000000
20:41:47	2952.86800000	640.90014545	1593.33333333	0.00000000	0.00000000	0.00000000	0.00000000	0.00000000	0.00000000	209913.66666667	27103.95654824	-900.33097949	-0.01546536	0.01172749	640.90011075	500.21259494	0.00000001	0.00000015	0.00000000	0.00000000	0.00000000	0.00000000	0.00000000
20:41:47	2952.86800000	641.00018703	1583.66666667	0.00000000	0.00000000	0.00000000	0.00000000	0.00000000	0.00000000	210308.66666667	26485.51878820	-892.92418218	-0.01555658	0.01166976	641.00024600	500.27723287	0.00000001	0.00000015	0.00000000	0.00000000	0.00000000	0.00000000	0.00000000
20:41:47	2952.86800000	641.10016434	1542.33333333	0.00000000	0.00000000	0.00000000	0.00000000	0.00000000	0.00000000	210609.33333333	25809.04398759	-849.24085071	-0.01591426	0.01135460	641.10005045	500.19356384	0.00000001	0.00000015	0.00000000	0.00000000	0.00000000	0.00000000	0.00000000
20:41:47	2952.86800000	641.19979071	1555.00000000	0.00000000	0.00000000	0.00000000	0.00000000	0.00000000	0.00000000	210615.66666667	25143.45485042	-863.34568666	-0.01580394	0.01145291	641.20022951	500.10883518	0.00000001	0.00000015	0.00000000	0.00000000	0.00000000	0.00000000	0.00000000
20:41:47	2952.86800000	641.29954361	1545.33333333	0.00000000	0.00000000	0.00000000	0.00000000	0.00000000	0.00000000	210805.00000000	24654.14098003	-863.38896969	-0.01583830	0.01137776	641.30067531	500.21098429	0.00000001	0.00000015	0.00000000	0.00000000	0.00000000	0.00000000	0.00000000
20:41:47	2952.86800000	641.39999670	1520.00000000	0.00000000	0.00000000	0.00000000	0.00000000	0.00000000	0.00000000	210883.00000000	24601.92008794	-852.99564785	-0.01588153	0.01137954	641.39909927	500.21340027	0.00000001	0.00000015	0.00000000	0.00000000	0.00000000	0.00000000	0.00000000
20:41:47	2952.86800000	641.49703885	1494.66666667	0.00000000	0.00000000	0.00000000	0.00000000	0.00000000	0.00000000	211307.66666667	24822.40890015	-843.91704628	-0.01605066	0.01117049	641.49947955	500.16139323	0.00000001	0.00000015	0.00000000	0.00000000	0.00000000	0.00000000	0.00000000
20:41:47	2952.86800000	641.60157125	1522.33333333	0.00000000	0.00000000	0.00000000	0.00000000	0.00000000	0.00000000	211136.33333333	25111.03591301	-861.80914149	-0.01585637	0.01137798	641.60028934	500.22853190	0.00000001	0.00000015	0.00000000	0.00000000	0.00000000	0.00000000	0.00000000
20:41:47	2952.86800000	641.69896145	1523.33333333	0.00000000	0.00000000	0.00000000	0.00000000	0.00000000	0.00000000	211032.00000000	25408.53052214	-843.76555579	-0.01600012	0.01125164	641.69980120	500.13939514	0.00000001	0.00000015	0.00000000	0.00000000	0.00000000	0.00000000	0.00000000
20:41:47	2952.86800000	641.80087971	1570.00000000	0.00000000	0.00000000	0.00000000	0.00000000	0.00000000	0.00000000	211379.66666667	25541.90696531	-881.18908869	-0.01567328	0.01153942	641.80024399	500.26990017	0.00000001	0.00000015	0.00000000	0.00000000	0.00000000	0.00000000	0.00000000
20:41:47	2952.86800000	641.89890488	1592.66666667	0.00000000	0.00000000	0.00000000	0.00000000	0.00000000	0.00000000	211273.00000000	25758.92231931	-860.36457249	-0.01581871	0.01143657	641.89966447	500.31533746	0.00000001	0.00000015	0.00000000	0.00000000	0.00000000	0.00000000	0.00000000
20:41:47	2952.86800000	642.00098244	1591.33333333	0.00000000	0.00000000	0.00000000	0.00000000	0.00000000	0.00000000	211602.00000000	26162.42771915	-893.30831863	-0.01554338	0.01171136	642.00059316	500.23132935	0.00000001	0.00000015	0.00000000	0.00000000	0.00000000	0.00000000	0.00000000
20:41:47	2952.86800000	642.10108060	1584.33333333	0.00000000	0.00000000	0.00000000	0.00000000	0.00000000	0.00000000	211971.00000000	26679.25872986	-908.86313397	-0.01540206	0.01184938	642.10037511	500.33966675	0.00000001	0.00000015	0.00000000	0.00000000	0.00000000	0.00000000	0.00000000
20:41:47	2952.86800000	642.20082665	1552.33333333	0.00000000	0.00000000	0.00000000	0.00000000	0.00000000	0.00000000	212129.33333333	27027.55130231	-869.22675946	-0.01571332	0.01157513	642.20037221	500.24561327	0.00000001	0.00000015	0.00000000	0.00000000	0.00000000	0.00000000	0.00000000
20:41:47	2952.86800000	642.30060370	1626.00000000	0.00000000	0.00000000	0.00000000	0.00000000	0.00000000	0.00000000	212331.00000000	26925.83634508	-890.82495855	-0.01557833	0.01165412	642.30043947	500.15732422	0.00000001	0.00000015	0.00000000	0.00000000	0.00000000	0.00000000	0.00000000
20:41:47	2952.86800000	642.40021997	1576.00000000	0.00000000	0.00000000	0.00000000	0.00000000	0.00000000	0.00000000	212477.33333333	26588.51600310	-900.17407881	-0.01545438	0.01177282	642.39974828	500.23577983	0.00000001	0.00000015	0.00000000	0.00000000	0.00000000	0.00000000	0.00000000
20:41:47	2952.86800000	642.50044267	1613.66666667	0.00000000	0.00000000	0.00000000	0.00000000	0.00000000	0.00000000	213016.00000000	26230.09521742	-882.48757759	-0.01565537	0.01159834	642.50008449	500.33263075	0.00000001	0.00000015	0.00000000	0.00000000	0.00000000	0.00000000	0.00000000
20:41:47	2952.86800000	642.59935334	1562.66666667	0.00000000	0.00000000	0.00000000	0.00000000	0.00000000	0.00000000	213179.66666667	26134.21263923	-858.44930143	-0.01587195	0.01139680	642.60005684	500.24663052	0.00000001	0.00000015	0.00000000	0.00000000	0.00000000	0.00000000	0.00000000
20:41:47	2952.86800000	642.69925427	1576.00000000	0.00000000	0.00000000	0.00000000	0.00000000	0.00000000	0.00000000	213582.00000000	26198.68260884	-887.95205174	-0.01557406	0.01167203	642.69966563	500.15796000	0.00000001	0.00000015	0.00000000	0.00000000	0.00000000	0.00000000	0.00000000
20:41:47	2952.86800000	642.80005036	1591.33333333	0.00000000	0.00000000	0.00000000	0.00000000	0.00000000	0.00000000	213758.66666667	26359.68981166	-861.85242447	-0.01584571	0.01139967	642.79943984	500.23747525	0.00000001	0.00000015	0.00000000	0.00000000	0.00000000	0.00000000	0.00000000
20:41:47	2952.86800000	642.90001371	1558.00000000	0.00000000	0.00000000	0.00000000	0.00000000	0.00000000	0.00000000	213745.33333333	26388.40805588	-887.47593911	-0.01555436	0.01166061	642.90023841	500.18809611	0.00000001	0.00000015	0.00000000	0.00000000	0.00000000	0.00000000	0.00000000
20:41:47	2952.86800000	642.99981601	1597.66666667	0.00000000	0.00000000	0.00000000	0.00000000	0.00000000	0.00000000	214304.00000000	26194.10543585	-905.44377953	-0.01545481	0.01174209	642.99988492	500.31186184	0.00000001	0.00000015	0.00000000	0.00000000	0.00000000	0.00000000	0.00000000
20:41:47	2952.86800000	643.09964930	1567.00000000	0.00000000	0.00000000	0.00000000	0.00000000	0.00000000	0.00000000	214437.33333333	25902.05906983	-872.84088688	-0.01568086	0.01160976	643.10015381	500.42015686	0.00000001	0.00000015	0.00000000	0.00000000	0.00000000	0.00000000	0.00000000
20:41:47	2952.86800000	643.19999425	1565.00000000	0.00000000	0.00000000	0.00000000	0.00000000	0.00000000	0.00000000	214698.66666667	25407.42139608	-916.91917568	-0.01527037	0.01197517	643.20002230	500.33305461	0.00000001	0.00000015	0.00000000	0.00000000	0.00000000	0.00000000	0.00000000
20:41:47	2952.86800000	643.30027436	1523.33333333	0.00000000	0.00000000	0.00000000	0.00000000	0.00000000	0.00000000	214977.66666667	24885.82925807	-822.87611520	-0.01623661	0.01099930	643.29988324	500.25226780	0.00000001	0.00000015	0.00000000	0.00000000	0.00000000	0.00000000	0.00000000
20:41:47	2952.86800000	643.40106670	1520.33333333	0.00000000	0.00000000	0.00000000	0.00000000	0.00000000	0.00000000	215188.66666667	24549.11487566	-844.19297512	-0.01599596	0.01123152	643.39977601	500.15889248	0.00000001	0.00000015	0.00000000	0.00000000	0.00000000	0.00000000	0.00000000
20:41:47	2952.86800000	643.50044732	1492.00000000	0.00000000	0.00000000	0.00000000	0.00000000	0.00000000	0.00000000	215331.00000000	24255.80789238	-888.33077782	-0.01555171	0.01170590	643.50133864	500.17580431	0.00000001	0.00000015	0.00000000	0.00000000	0.00000000	0.00000000	0.00000000
20:41:47	2952.86800000	643.59841488	1515.33333333	0.00000000	0.00000000	0.00000000	0.00000000	0.00000000	0.00000000	215371.00000000	24125.90490636	-902.79810857	-0.01539546	0.01189250	643.59855155	500.28367547	0.00000001	0.00000015	0.00000000	0.00000000	0.00000000	0.00000000	0.00000000
20:41:47	2952.86800000	643.70016720	1568.00000000	0.00000000	0.00000000	0.00000000	0.00000000	0.00000000	0.00000000	215831.66666667	24091.33264155	-902.64120769	-0.01542614	0.01182850	643.70016622	500.19305522	0.00000001	0.00000015	0.00000000	0.00000000	0.00000000	0.00000000	0.00000000
20:41:47	2952.86800000	643.79935131	1478.33333333	0.00000000	0.00000000	0.00000000	0.00000000	0.00000000	0.00000000	215831.66666667	24100.63306765	-868.09599215	-0.01579426	0.01140000	643.79988758	500.21958856	0.00000001	0.00000015	0.00000000	0.00000000	0.00000000	0.00000000	0.00000000
20:41:47	2952.86800000	643.89818063	1488.66666667	0.00000000	0.00000000	0.00000000	0.00000000	0.00000000	0.00000000	216210.33333333	23967.07267145	-828.54618354	-0.01611547	0.01117563	643.89939958	500.26396620	0.00000001	0.00000015	0.00000000	0.00000000	0.00000000	0.00000000	0.00000000
20:41:47	2952.86800000	644.00002776	1527.66666667	0.00000000	0.00000000	0.00000000	0.00000000	0.00000000	0.00000000	216235.66666667	23798.01483693	-817.72003216	-0.01624835	0.01098697	643.99983240	500.28325161	0.00000001	0.00000015	0.00000000	0.00000000	0.00000000	0.00000000	0.00000000
20:41:47	2952.86800000	644.09949711	1533.33333333	0.00000000	0.00000000	0.00000000	0.00000000	0.00000000	0.00000000	216411.33333333	23540.79502154	-834.04853038	-0.01607938	0.01115182	644.09962537	500.19881965	0.00000001	0.00000015	0.00000000	0.00000000	0.00000000	0.00000000	0.00000000
20:41:47	2952.86800000	644.20015434	1509.66666667	0.00000000	0.00000000	0.00000000	0.00000000	0.00000000	0.00000000	216504.33333333	23308.49537069	-833.70226666	-0.01612532	0.01112033	644.19996012	500.11858385	0.00000001	0.00000015	0.00000000	0.00000000	0.00000000	0.00000000	0.00000000
20:41:47	2952.86800000	644.30016783	1546.66666667	0.00000000	0.00000000	0.00000000	0.00000000	0.00000000	0.00000000	216746.00000000	22950.92942044	-921.68571196	-0.01522552	0.01202040	644.29995110	500.19424201	0.00000001	0.00000015	0.00000000	0.00000000	0.00000000	0.00000000	0.00000000
20:41:47	2952.86800000	644.40050184	1514.66666667	0.00000000	0.00000000	0.00000000	0.00000000	0.00000000	0.00000000	216967.33333333	22690.63651431	-871.47747358	-0.01571808	0.01151145	644.39993648	500.11540493	0.00000001	0.00000015	0.00000000	0.00000000	0.00000000	0.00000000	0.00000000
20:41:47	2952.86800000	644.49951582	1479.00000000	0.00000000	0.00000000	0.00000000	0.00000000	0.00000000	0.00000000	217488.00000000	22390.03094008	-845.50769514	-0.01600829	0.01121988	644.49989796	500.38455302	0.00000001	0.00000015	0.00000000	0.00000000	0.00000000	0.00000000	0.00000000
20:41:47	2952.86800000	644.59894644	1481.00000000	0.00000000	0.00000000	0.00000000	0.00000000	0.00000000	0.00000000	217626.33333333	22149.01518224	-837.24064901	-0.01605239	0.01122627	644.59839327	500.30160455	0.00000001	0.00000015	0.00000000	0.00000000	0.00000000	0.00000000	0.00000000
20:41:47	2952.86800000	644.69773169	1445.00000000	0.00000000	0.00000000	0.00000000	0.00000000	0.00000000	0.00000000	217585.66666667	21795.43667368	-831.33252434	-0.01613089	0.01113224	644.69950225	500.28240390	0.00000001	0.00000015	0.00000000	0.00000000	0.00000000	0.00000000	0.00000000
20:41:47	2952.86800000	644.80012176	1472.00000000	0.00000000	0.00000000	0.00000000	0.00000000	0.00000000	0.00000000	217832.33333333	21536.23666155	-838.93409502	-0.01605163	0.01120739	644.79983296	500.19216512	0.00000001	0.00000015	0.00000000	0.00000000	0.00000000	0.00000000	0.00000000
20:41:47	2952.86800000	644.89935524	1463.33333333	0.00000000	0.00000000	0.00000000	0.00000000	0.00000000	0.00000000	218033.66666667	21242.02073367	-896.76554530	-0.01545703	0.01179301	644.90011891	500.16308865	0.00000001	0.00000015	0.00000000	0.00000000	0.00000000	0.00000000	0.00000000
20:41:47	2952.86800000	644.99977930	1445.66666667	0.00000000	0.00000000	0.00000000	0.00000000	0.00000000	0.00000000	218229.00000000	21011.26303681	-832.04669321	-0.01609827	0.01117855	644.99630022	500.06869609	0.00000001	0.00000015	0.00000000	0.00000000	0.00000000	0.00000000	0.00000000
20:41:47	2952.86800000	645.10091154	1506.00000000	0.00000000	0.00000000	0.00000000	0.00000000	0.00000000	0.00000000	218469.66666667	20762.84589174	-855.60344646	-0.01586367	0.01141855	645.10200489	500.26744181	0.00000001	0.00000015	0.00000000	0.00000000	0.00000000	0.00000000	0.00000000
20:41:47	2952.86800000	645.20072128	1486.00000000	0.00000000	0.00000000	0.00000000	0.00000000	0.00000000	0.00000000	218516.66666667	20535.41557210	-869.38366034	-0.01571251	0.01155506	645.20074810	500.23154127	0.00000001	0.00000015	0.00000000	0.00000000	0.00000000	0.00000000	0.00000000
20:41:47	2952.86800000	645.30162627	1422.00000000	0.00000000	0.00000000	0.00000000	0.00000000	0.00000000	0.00000000	219064.33333333	20362.26208586	-807.57558763	-0.01637750	0.01087156	645.30047054	500.24896172	0.00000001	0.00000015	0.00000000	0.00000000	0.00000000	0.00000000	0.00000000
20:41:47	2952.86800000	645.39840086	1440.33333333	0.00000000	0.00000000	0.00000000	0.00000000	0.00000000	0.00000000	219157.66666667	20161.14239632	-847.39591427	-0.01598919	0.01124234	645.39959332	500.15732422	0.00000001	0.00000015	0.00000000	0.00000000	0.00000000	0.00000000	0.00000000
20:41:47	2952.86800000	645.50004543	1453.33333333	0.00000000	0.00000000	0.00000000	0.00000000	0.00000000	0.00000000	219287.66666667	19927.07355228	-787.31374992	-0.01653039	0.01074870	645.49973910	500.14867757	0.00000001	0.00000015	0.00000000	0.00000000	0.00000000	0.00000000	0.00000000
20:41:47	2952.86800000	645.60026928	1475.00000000	0.00000000	0.00000000	0.00000000	0.00000000	0.00000000	0.00000000	219392.00000000	19763.94548163	-856.50697839	-0.01591886	0.01129287	645.60028896	500.16402113	0.00000001	0.00000015	0.00000000	0.00000000	0.00000000	0.00000000	0.00000000
20:41:47	2952.86800000	645.70062113	1486.33333333	0.00000000	0.00000000	0.00000000	0.00000000	0.00000000	0.00000000	219895.66666667	19623.80066339	-904.12905989	-0.01533086	0.01194817	645.70028525	500.30677558	0.00000001	0.00000015	0.00000000	0.00000000	0.00000000	0.00000000	0.00000000
20:41:47	2952.86800000	645.80042272	1456.66666667	0.00000000	0.00000000	0.00000000	0.00000000	0.00000000	0.00000000	220010.33333333	19466.71597613	-804.81629872	-0.01638345	0.01089148	645.79997512	500.30775045	0.00000001	0.00000015	0.00000000	0.00000000	0.00000000	0.00000000	0.00000000
20:41:47	2952.86800000	645.89996435	1442.00000000	0.00000000	0.00000000	0.00000000	0.00000000	0.00000000	0.00000000	220356.33333333	19316.62689724	-820.51178336	-0.01621719	0.01104664	645.90100703	500.21687588	0.00000001	0.00000015	0.00000000	0.00000000	0.00000000	0.00000000	0.00000000
20:41:47	2952.86800000	646.00031243	1430.33333333	0.00000000	0.00000000	0.00000000	0.00000000	0.00000000	0.00000000	220497.66666667	19121.01496387	-791.03608470	-0.01650253	0.01075124	646.00039449	500.13218960	0.00000001	0.00000015	0.00000000	0.00000000	0.00000000	0.00000000	0.00000000
20:41:47	2952.86800000	646.10001270	1431.00000000	0.00000000	0.00000000	0.00000000	0.00000000	0.00000000	0.00000000	221181.66666667	19055.57653668	-827.30720868	-0.01611147	0.01117601	646.10035680	500.21251017	0.00000001	0.00000015	0.00000000	0.00000000	0.00000000	0.00000000	0.00000000
20:41:47	2952.86800000	646.19974374	1449.00000000	0.00000000	0.00000000	0.00000000	0.00000000	0.00000000	0.00000000	221235.33333333	18958.95273587	-825.19175386	-0.01617125	0.01111000	646.20013004	500.32606099	0.00000001	0.00000015	0.00000000	0.00000000	0.00000000	0.00000000	0.00000000
20:41:47	2952.86800000	646.29969970	1451.33333333	0.00000000	0.00000000	0.00000000	0.00000000	0.00000000	0.00000000	221660.33333333	18795.52709434	-846.92521219	-0.01600775	0.01120214	646.30018380	500.39366591	0.00000001	0.00000015	0.00000000	0.00000000	0.00000000	0.00000000	0.00000000
20:41:47	2952.86800000	646.40026912	1477.66666667	0.00000000	0.00000000	0.00000000	0.00000000	0.00000000	0.00000000	221945.00000000	18689.69484330	-861.38172207	-0.01576028	0.01150804	646.39935703	500.34933065	0.00000001	0.00000015	0.00000000	0.00000000	0.00000000	0.00000000	0.00000000
20:41:47	2952.86800000	646.50174393	1415.66666667	0.00000000	0.00000000	0.00000000	0.00000000	0.00000000	0.00000000	221990.00000000	18644.25314423	-814.56578611	-0.01625847	0.01099438	646.50095916	500.24658813	0.00000001	0.00000015	0.00000000	0.00000000	0.00000000	0.00000000	0.00000000
20:41:47	2952.86800000	646.60111329	1450.00000000	0.00000000	0.00000000	0.00000000	0.00000000	0.00000000	0.00000000	222189.66666667	18483.09985824	-866.16448971	-0.01574134	0.01151513	646.60033377	500.16847161	0.00000001	0.00000015	0.00000000	0.00000000	0.00000000	0.00000000	0.00000000
20:41:47	2952.86800000	646.69963859	1438.66666667	0.00000000	0.00000000	0.00000000	0.00000000	0.00000000	0.00000000	222467.66666667	18438.97287902	-838.64734537	-0.01606656	0.01118326	646.69937930	500.24073893	0.00000001	0.00000015	0.00000000	0.00000000	0.00000000	0.00000000	0.00000000
20:41:47	2952.86800000	646.80042974	1507.33333333	0.00000000	0.00000000	0.00000000	0.00000000	0.00000000	0.00000000	222501.00000000	18379.17746779	-871.22318613	-0.01570629	0.01153488	646.80017054	500.28325161	0.00000001	0.00000015	0.00000000	0.00000000	0.00000000	0.00000000	0.00000000
20:41:47	2952.86800000	646.90027991	1427.66666667	0.00000000	0.00000000	0.00000000	0.00000000	0.00000000	0.00000000	222613.00000000	18283.55999556	-844.86386093	-0.01598654	0.01127880	646.90024388	500.25892232	0.00000001	0.00000015	0.00000000	0.00000000	0.00000000	0.00000000	0.00000000
20:41:47	2952.86800000	647.00045272	1433.00000000	0.00000000	0.00000000	0.00000000	0.00000000	0.00000000	0.00000000	222803.00000000	18218.80327480	-862.09048063	-0.01577040	0.01149879	646.99993007	500.32656962	0.00000001	0.00000015	0.00000000	0.00000000	0.00000000	0.00000000	0.00000000
20:41:47	2952.86800000	647.09958626	1451.66666667	0.00000000	0.00000000	0.00000000	0.00000000	0.00000000	0.00000000	222970.66666667	18175.02255940	-840.02157933	-0.01601852	0.01123839	647.10010389	500.29660305	0.00000001	0.00000015	0.00000000	0.00000000	0.00000000	0.00000000	0.00000000
20:41:47	2952.86800000	647.20030746	1415.00000000	0.00000000	0.00000000	0.00000000	0.00000000	0.00000000	0.00000000	223248.66666667	18084.49624532	-843.97114983	-0.01605233	0.01115756	647.20035994	500.21267971	0.00000001	0.00000015	0.00000000	0.00000000	0.00000000	0.00000000	0.00000000
20:41:47	2952.86800000	647.29998906	1440.00000000	0.00000000	0.00000000	0.00000000	0.00000000	0.00000000	0.00000000	223630.66666667	18029.71083690	-799.69267757	-0.01636765	0.01089992	647.30017912	500.11434530	0.00000001	0.00000015	0.00000000	0.00000000	0.00000000	0.00000000	0.00000000
20:41:47	2952.86800000	647.40018832	1452.66666667	0.00000000	0.00000000	0.00000000	0.00000000	0.00000000	0.00000000	223822.00000000	17962.09744070	-814.53873424	-0.01620366	0.01107938	647.39964536	500.02618340	0.00000001	0.00000015	0.00000000	0.00000000	0.00000000	0.00000000	0.00000000
20:41:47	2952.86800000	647.50071087	1435.33333333	0.00000000	0.00000000	0.00000000	0.00000000	0.00000000	0.00000000	223937.33333333	17928.37460315	-820.17092998	-0.01622417	0.01103279	647.49989822	500.35055983	0.00000001	0.00000015	0.00000000	0.00000000	0.00000000	0.00000000	0.00000000
20:41:47	2952.86800000	647.60029013	1450.00000000	0.00000000	0.00000000	0.00000000	0.00000000	0.00000000	0.00000000	224229.00000000	17876.54325685	-887.90335852	-0.01552850	0.01174182	647.60016073	500.44643589	0.00000001	0.00000015	0.00000000	0.00000000	0.00000000	0.00000000	0.00000000
20:41:47	2952.86800000	647.70009499	1412.66666667	0.00000000	0.00000000	0.00000000	0.00000000	0.00000000	0.00000000	224438.00000000	17899.37501916	-844.29036180	-0.01597058	0.01129974	647.70074007	500.32818027	0.00000001	0.00000015	0.00000000	0.00000000	0.00000000	0.00000000	0.00000000
20:41:47	2952.86800000	647.79963808	1439.33333333	0.00000000	0.00000000	0.00000000	0.00000000	0.00000000	0.00000000	224586.66666667	17849.79438668	-833.41551708	-0.01607013	0.01118569	647.79946816	500.23959452	0.00000001	0.00000015	0.00000000	0.00000000	0.00000000	0.00000000	0.00000000
20:41:47	2952.86800000	647.89969948	1418.66666667	0.00000000	0.00000000	0.00000000	0.00000000	0.00000000	0.00000000	224748.66666667	17783.89607777	-826.97717617	-0.01613181	0.01113224	647.90071552	500.15609504	0.00000001	0.00000015	0.00000000	0.00000000	0.00000000	0.00000000	0.00000000
20:41:47	2952.86800000	647.99969422	1400.33333333	0.00000000	0.00000000	0.00000000	0.00000000	0.00000000	0.00000000	224975.00000000	17725.89690923	-848.05597978	-0.01587720	0.01139713	648.00020781	500.09993422	0.00000001	0.00000015	0.00000000	0.00000000	0.00000000	0.00000000	0.00000000
20:41:47	2952.86800000	648.19626163	1386.66666667	0.00000000	0.00000000	0.00000000	0.00000000	0.00000000	0.00000000	225697.00000000	17705.62966263	-784.26771145	-0.01654960	0.01071050	648.19928190	500.29401754	0.00000001	0.00000015	0.00000000	0.00000000	0.00000000	0.00000000	0.00000000
20:41:47	2952.86800000	648.39910282	1385.33333333	0.00000000	0.00000000	0.00000000	0.00000000	0.00000000	0.00000000	226026.00000000	17708.24828174	-844.46890406	-0.01598481	0.01125040	648.39933928	500.33246121	0.00000001	0.00000015	0.00000000	0.00000000	0.00000000	0.00000000	0.00000000
20:41:47	2952.86800000	648.60011596	1390.00000000	0.00000000	0.00000000	0.00000000	0.00000000	0.00000000	0.00000000	226484.00000000	17678.24777908	-859.12559779	-0.01587687	0.01136624	648.60067420	500.31122606	0.00000001	0.00000015	0.00000000	0.00000000	0.00000000	0.00000000	0.00000000
20:41:47	2952.86800000	648.79968877	1377.66666667	0.00000000	0.00000000	0.00000000	0.00000000	0.00000000	0.00000000	226690.00000000	17609.17899306	-826.63632276	-0.01615811	0.01111768	648.79962484	500.27880113	0.00000001	0.00000015	0.00000000	0.00000000	0.00000000	0.00000000	0.00000000
20:41:47	2952.86800000	649.00046104	1393.00000000	0.00000000	0.00000000	0.00000000	0.00000000	0.00000000	0.00000000	226942.00000000	17607.78852804	-904.13988040	-0.01537252	0.01187010	649.00016715	500.18551059	0.00000001	0.00000015	0.00000000	0.00000000	0.00000000	0.00000000	0.00000000
20:41:47	2952.86800000	649.20194520	1441.33333333	0.00000000	0.00000000	0.00000000	0.00000000	0.00000000	0.00000000	227229.66666667	17699.82433535	-804.83793994	-0.01632534	0.01095938	649.20083536	500.08552314	0.00000001	0.00000015	0.00000000	0.00000000	0.00000000	0.00000000	0.00000000
20:41:47	2952.86800000	649.39973275	1433.33333333	0.00000000	0.00000000	0.00000000	0.00000000	0.00000000	0.00000000	227705.33333333	17667.16193049	-845.53474699	-0.01595689	0.01132138	649.39975385	500.23001539	0.00000001	0.00000015	0.00000000	0.00000000	0.00000000	0.00000000	0.00000000
20:41:47	2952.86800000	649.60048440	1424.66666667	0.00000000	0.00000000	0.00000000	0.00000000	0.00000000	0.00000000	227961.66666667	17747.46264495	-855.60344641	-0.01583603	0.01141747	649.59907783	500.13689440	0.00000001	0.00000015	0.00000000	0.00000000	0.00000000	0.00000000	0.00000000
20:41:47	2952.86800000	649.79439417	1504.33333333	0.00000000	0.00000000	0.00000000	0.00000000	0.00000000	0.00000000	228577.66666667	17817.51070767	-839.61580173	-0.01598297	0.01131040	649.79762513	500.16753913	0.00000001	0.00000015	0.00000000	0.00000000	0.00000000	0.00000000	0.00000000
20:41:47	2952.86800000	649.99970957	1425.33333333	0.00000000	0.00000000	0.00000000	0.00000000	0.00000000	0.00000000	229042.66666667	17873.50262880	-816.16725579	-0.01623012	0.01103804	649.99981821	500.14380324	0.00000001	0.00000015	0.00000000	0.00000000	0.00000000	0.00000000	0.00000000
20:41:47	2952.86800000	650.19965358	1457.00000000	0.00000000	0.00000000	0.00000000	0.00000000	0.00000000	0.00000000	229444.00000000	18052.05566571	-873.18715066	-0.01564520	0.01164189	650.19846262	500.35679050	0.00000001	0.00000015	0.00000000	0.00000000	0.00000000	0.00000000	0.00000000
20:41:47	2952.86800000	650.40050699	1463.00000000	0.00000000	0.00000000	0.00000000	0.00000000	0.00000000	0.00000000	229867.00000000	18283.75476883	-849.33823758	-0.01587758	0.01144274	650.40031100	500.26786567	0.00000001	0.00000015	0.00000000	0.00000000	0.00000000	0.00000000	0.00000000
20:41:47	2952.86800000	650.60030427	1514.00000000	0.00000000	0.00000000	0.00000000	0.00000000	0.00000000	0.00000000	230012.33333333	18627.49181752	-917.26543921	-0.01522417	0.01204534	650.60026974	500.18288269	0.00000001	0.00000015	0.00000000	0.00000000	0.00000000	0.00000000	0.00000000
20:41:47	2952.86800000	650.80002750	1503.00000000	0.00000000	0.00000000	0.00000000	0.00000000	0.00000000	0.00000000	230402.66666667	19283.49379056	-846.10283586	-0.01596620	0.01131208	650.79797231	500.10832655	0.00000001	0.00000015	0.00000000	0.00000000	0.00000000	0.00000000	0.00000000
20:41:47	2952.86800000	651.00075968	1529.66666667	0.00000000	0.00000000	0.00000000	0.00000000	0.00000000	0.00000000	230745.00000000	19764.84360327	-840.15683860	-0.01601538	0.01124218	651.00090679	500.19848056	0.00000001	0.00000015	0.00000000	0.00000000	0.00000000	0.00000000	0.00000000
20:41:47	2952.86800000	651.19954645	1575.66666667	0.00000000	0.00000000	0.00000000	0.00000000	0.00000000	0.00000000	231624.00000000	20314.28292348	-854.93256059	-0.01585053	0.01141374	651.20017202	500.32139859	0.00000001	0.00000015	0.00000000	0.00000000	0.00000000	0.00000000	0.00000000
20:41:47	2952.86800000	651.40683552	1504.33333333	0.00000000	0.00000000	0.00000000	0.00000000	0.00000000	0.00000000	232117.33333333	20884.56839932	-825.82476730	-0.01620014	0.01102030	651.40159165	500.23179559	0.00000001	0.00000015	0.00000000	0.00000000	0.00000000	0.00000000	0.00000000
20:41:47	2952.86800000	651.60044414	1476.00000000	0.00000000	0.00000000	0.00000000	0.00000000	0.00000000	0.00000000	232091.33333333	21242.55636032	-796.80895004	-0.01646422	0.01077061	651.59993968	500.24506226	0.00000001	0.00000015	0.00000000	0.00000000	0.00000000	0.00000000	0.00000000
20:41:47	2952.86800000	651.79979481	1542.00000000	0.00000000	0.00000000	0.00000000	0.00000000	0.00000000	0.00000000	232432.66666667	21664.37045737	-852.18950282	-0.01591615	0.01131716	651.79935157	500.23599175	0.00000001	0.00000015	0.00000000	0.00000000	0.00000000	0.00000000	0.00000000
20:41:47	2952.86800000	652.00065039	1595.66666667	0.00000000	0.00000000	0.00000000	0.00000000	0.00000000	0.00000000	233021.66666667	22011.83524785	-848.87294558	-0.01597069	0.01129168	651.99968573	500.29617920	0.00000001	0.00000015	0.00000000	0.00000000	0.00000000	0.00000000	0.00000000
20:41:47	2952.86800000	652.19896113	1590.33333333	0.00000000	0.00000000	0.00000000	0.00000000	0.00000000	0.00000000	233313.66666667	22108.13442567	-817.42246173	-0.01623445	0.01100607	652.19947487	500.19911635	0.00000001	0.00000015	0.00000000	0.00000000	0.00000000	0.00000000	0.00000000
20:41:47	2952.86800000	652.39956834	1633.66666667	0.00000000	0.00000000	0.00000000	0.00000000	0.00000000	0.00000000	233384.66666667	22098.53101881	-827.68052439	-0.01616741	0.01106991	652.40009849	500.13981900	0.00000001	0.00000015	0.00000000	0.00000000	0.00000000	0.00000000	0.00000000
20:41:47	2952.86800000	652.59990315	1626.00000000	0.00000000	0.00000000	0.00000000	0.00000000	0.00000000	0.00000000	233964.00000000	22462.44333386	-839.18838236	-0.01599850	0.01127453	652.59945389	500.21047567	0.00000001	0.00000015	0.00000000	0.00000000	0.00000000	0.00000000	0.00000000
20:41:47	2952.86800000	652.79966788	1692.00000000	0.00000000	0.00000000	0.00000000	0.00000000	0.00000000	0.00000000	234160.33333333	23033.98401228	-874.04198917	-0.01573182	0.01148077	652.79979541	500.14753316	0.00000001	0.00000015	0.00000000	0.00000000	0.00000000	0.00000000	0.00000000
20:41:47	2952.86800000	652.99866321	1668.00000000	0.00000000	0.00000000	0.00000000	0.00000000	0.00000000	0.00000000	234476.66666667	23430.79678698	-851.74585249	-0.01588066	0.01141574	653.00008725	500.34801670	0.00000001	0.00000015	0.00000000	0.00000000	0.00000000	0.00000000	0.00000000
20:41:47	2952.86800000	653.20035761	1673.66666667	0.00000000	0.00000000	0.00000000	0.00000000	0.00000000	0.00000000	234860.33333333	23672.07765212	-872.73808990	-0.01571121	0.01153509	653.19978249	500.25252211	0.00000001	0.00000015	0.00000000	0.00000000	0.00000000	0.00000000	0.00000000
20:41:47	2952.86800000	653.39949813	1668.33333333	0.00000000	0.00000000	0.00000000	0.00000000	0.00000000	0.00000000	235485.66666667	23899.99490298	-843.78719726	-0.01605406	0.01112390	653.39990912	500.16436022	0.00000001	0.00000015	0.00000000	0.00000000	0.00000000	0.00000000	0.00000000
20:41:47	2952.86800000	653.59995129	1700.00000000	0.00000000	0.00000000	0.00000000	0.00000000	0.00000000	0.00000000	235530.00000000	23772.85120569	-859.68286598	-0.01591107	0.01128957	653.60037561	500.26973063	0.00000001	0.00000015	0.00000000	0.00000000	0.00000000	0.00000000	0.00000000
20:41:47	2952.86800000	653.79993152	1672.66666667	0.00000000	0.00000000	0.00000000	0.00000000	0.00000000	0.00000000	235995.33333333	23429.63355740	-885.45246064	-0.01561566	0.01159710	653.80059377	500.36170722	0.00000001	0.00000015	0.00000000	0.00000000	0.00000000	0.00000000	0.00000000
20:41:47	2952.86800000	653.99993478	1641.00000000	0.00000000	0.00000000	0.00000000	0.00000000	0.00000000	0.00000000	236245.66666667	23051.25391348	-873.79852257	-0.01575660	0.01147201	654.00002352	500.28015747	0.00000001	0.00000015	0.00000000	0.00000000	0.00000000	0.00000000	0.00000000
20:41:47	2952.86800000	654.19996100	1646.00000000	0.00000000	0.00000000	0.00000000	0.00000000	0.00000000	0.00000000	236602.33333333	22780.19437084	-875.45409592	-0.01567209	0.01160348	654.19962968	500.18919813	0.00000001	0.00000015	0.00000000	0.00000000	0.00000000	0.00000000	0.00000000
20:41:47	2952.86800000	654.39971158	1613.00000000	0.00000000	0.00000000	0.00000000	0.00000000	0.00000000	0.00000000	236753.66666667	22596.72872013	-887.90335846	-0.01557373	0.01165055	654.40050768	500.25968526	0.00000001	0.00000015	0.00000000	0.00000000	0.00000000	0.00000000	0.00000000
20:41:47	2952.86800000	654.60028115	1625.66666667	0.00000000	0.00000000	0.00000000	0.00000000	0.00000000	0.00000000	236778.66666667	22284.38805314	-878.68408729	-0.01565343	0.01159802	654.60050438	500.21111145	0.00000001	0.00000015	0.00000000	0.00000000	0.00000000	0.00000000	0.00000000
20:41:47	2952.86800000	654.80007705	1579.00000000	0.00000000	0.00000000	0.00000000	0.00000000	0.00000000	0.00000000	237385.66666667	21894.24626344	-875.81118033	-0.01569985	0.01154391	654.79998697	500.22518344	0.00000001	0.00000015	0.00000000	0.00000000	0.00000000	0.00000000	0.00000000
20:41:47	2952.86800000	654.99969587	1590.66666667	0.00000000	0.00000000	0.00000000	0.00000000	0.00000000	0.00000000	237755.00000000	21575.58087319	-834.92501034	-0.01605293	0.01121415	654.99970007	500.23811103	0.00000001	0.00000015	0.00000000	0.00000000	0.00000000	0.00000000	0.00000000
20:41:47	2952.86800000	655.20023445	1630.66666667	0.00000000	0.00000000	0.00000000	0.00000000	0.00000000	0.00000000	237603.00000000	21242.48602534	-859.33660225	-0.01585480	0.01139507	655.20005947	500.15812954	0.00000001	0.00000015	0.00000000	0.00000000	0.00000000	0.00000000	0.00000000
20:41:47	2952.86800000	655.40039680	1632.00000000	0.00000000	0.00000000	0.00000000	0.00000000	0.00000000	0.00000000	238226.33333333	20966.71945932	-818.40714927	-0.01619203	0.01105974	655.40048702	500.26489868	0.00000001	0.00000015	0.00000000	0.00000000	0.00000000	0.00000000	0.00000000
20:41:47	2952.86800000	655.59888378	1653.00000000	0.00000000	0.00000000	0.00000000	0.00000000	0.00000000	0.00000000	238588.33333333	20605.60430402	-843.15418383	-0.01595321	0.01132387	655.59927145	500.29579773	0.00000001	0.00000015	0.00000000	0.00000000	0.00000000	0.00000000	0.00000000
20:41:47	2952.86800000	655.79958962	1682.33333333	0.00000000	0.00000000	0.00000000	0.00000000	0.00000000	0.00000000	239068.66666667	20311.13408798	-865.80740538	-0.01574594	0.01153028	655.79873296	500.19941305	0.00000001	0.00000015	0.00000000	0.00000000	0.00000000	0.00000000	0.00000000
20:41:47	2952.86800000	656.00001840	1606.66666667	0.00000000	0.00000000	0.00000000	0.00000000	0.00000000	0.00000000	239227.00000000	20066.19040005	-872.72726911	-0.01569108	0.01156409	656.00073529	500.09251675	0.00000001	0.00000015	0.00000000	0.00000000	0.00000000	0.00000000	0.00000000
20:41:47	2952.86800000	656.19996940	1604.00000000	0.00000000	0.00000000	0.00000000	0.00000000	0.00000000	0.00000000	239264.33333333	19860.04988678	-875.09701149	-0.01563568	0.01164833	656.20063726	500.16330058	0.00000001	0.00000015	0.00000000	0.00000000	0.00000000	0.00000000	0.00000000
20:41:47	2952.86800000	656.39773964	1618.00000000	0.00000000	0.00000000	0.00000000	0.00000000	0.00000000	0.00000000	239909.00000000	19675.35608057	-845.36702552	-0.01592643	0.01137197	656.40035792	500.29236450	0.00000001	0.00000015	0.00000000	0.00000000	0.00000000	0.00000000	0.00000000
20:41:47	2952.86800000	656.60053782	1584.00000000	0.00000000	0.00000000	0.00000000	0.00000000	0.00000000	0.00000000	240167.33333333	19587.51872102	-855.64672942	-0.01584279	0.01140973	656.60016862	500.37692362	0.00000001	0.00000015	0.00000000	0.00000000	0.00000000	0.00000000	0.00000000
20:41:47	2952.86800000	656.79995297	1612.66666667	0.00000000	0.00000000	0.00000000	0.00000000	0.00000000	0.00000000	240504.66666667	19449.91677667	-826.07364407	-0.01612981	0.01113359	656.80011534	500.29130486	0.00000001	0.00000015	0.00000000	0.00000000	0.00000000	0.00000000	0.00000000
20:41:47	2952.86800000	657.00069289	1632.33333333	0.00000000	0.00000000	0.00000000	0.00000000	0.00000000	0.00000000	240755.00000000	19395.31532102	-808.21401108	-0.01633903	0.01092340	656.99941136	500.21056044	0.00000001	0.00000015	0.00000000	0.00000000	0.00000000	0.00000000	0.00000000
20:41:47	2952.86800000	657.20045157	1620.33333333	0.00000000	0.00000000	0.00000000	0.00000000	0.00000000	0.00000000	241088.66666667	19268.15539087	-835.13060441	-0.01609426	0.01115907	657.20021663	500.18449334	0.00000001	0.00000015	0.00000000	0.00000000	0.00000000	0.00000000	0.00000000
20:41:47	2952.86800000	657.39952838	1642.66666667	0.00000000	0.00000000	0.00000000	0.00000000	0.00000000	0.00000000	241253.00000000	19240.47052679	-856.76667626	-0.01583619	0.01144101	657.39983859	500.21967333	0.00000001	0.00000015	0.00000000	0.00000000	0.00000000	0.00000000	0.00000000
20:41:47	2952.86800000	657.59983115	1596.33333333	0.00000000	0.00000000	0.00000000	0.00000000	0.00000000	0.00000000	241461.33333333	19169.14561694	-854.57547620	-0.01581747	0.01147661	657.59998865	500.15863817	0.00000001	0.00000015	0.00000000	0.00000000	0.00000000	0.00000000	0.00000000
20:41:47	2952.86800000	657.79975330	1594.00000000	0.00000000	0.00000000	0.00000000	0.00000000	0.00000000	0.00000000	241995.00000000	19215.82088041	-804.00474291	-0.01637441	0.01088120	657.79931893	500.28749017	0.00000001	0.00000015	0.00000000	0.00000000	0.00000000	0.00000000	0.00000000
20:41:47	2952.86800000	657.99838857	1605.33333333	0.00000000	0.00000000	0.00000000	0.00000000	0.00000000	0.00000000	242250.66666667	19148.19666352	-886.71307701	-0.01558682	0.01166034	657.99939578	500.30791999	0.00000001	0.00000015	0.00000000	0.00000000	0.00000000	0.00000000	0.00000000
20:41:47	2952.86800000	658.19945916	1577.00000000	0.00000000	0.00000000	0.00000000	0.00000000	0.00000000	0.00000000	242706.33333333	19088.48240810	-861.08956229	-0.01578441	0.01148846	658.19993979	500.22369995	0.00000001	0.00000015	0.00000000	0.00000000	0.00000000	0.00000000	0.00000000
20:41:47	2952.86800000	658.40045122	1627.66666667	0.00000000	0.00000000	0.00000000	0.00000000	0.00000000	0.00000000	242999.33333333	19074.12328556	-824.45594341	-0.01619879	0.01104957	658.40021116	500.13971606	0.00000001	0.00000015	0.00000000	0.00000000	0.00000000	0.00000000	0.00000000
20:41:47	2952.86800000	658.59985265	1646.66666667	0.00000000	0.00000000	0.00000000	0.00000000	0.00000000	0.00000000	243558.66666667	19015.03663298	-885.26850809	-0.01559802	0.01162631	658.59992198	500.17071804	0.00000001	0.00000015	0.00000000	0.00000000	0.00000000	0.00000000	0.00000000
20:41:47	2952.86800000	658.80018170	1668.00000000	0.00000000	0.00000000	0.00000000	0.00000000	0.00000000	0.00000000	243872.00000000	19057.28621380	-878.99788864	-0.01563049	0.01166007	658.80040295	500.18491720	0.00000001	0.00000015	0.00000000	0.00000000	0.00000000	0.00000000	0.00000000
20:41:47	2952.86800000	658.99972445	1648.33333333	0.00000000	0.00000000	0.00000000	0.00000000	0.00000000	0.00000000	244128.00000000	19045.72425262	-845.42653960	-0.01594104	0.01132560	658.99947363	500.10014615	0.00000001	0.00000015	0.00000000	0.00000000	0.00000000	0.00000000	0.00000000
20:41:47	2952.86800000	659.20009492	1629.33333333	0.00000000	0.00000000	0.00000000	0.00000000	0.00000000	0.00000000	244133.00000000	18987.16781635	-851.58895158	-0.01594218	0.01126825	659.19988945	500.01198425	0.00000001	0.00000015	0.00000000	0.00000000	0.00000000	0.00000000	0.00000000
20:41:47	2952.86800000	659.40008211	1580.00000000	0.00000000	0.00000000	0.00000000	0.00000000	0.00000000	0.00000000	244673.00000000	19001.04541567	-837.07833787	-0.01607863	0.01113597	659.39985154	500.39201287	0.00000001	0.00000015	0.00000000	0.00000000	0.00000000	0.00000000	0.00000000
20:41:47	2952.86800000	659.60008958	1563.00000000	0.00000000	0.00000000	0.00000000	0.00000000	0.00000000	0.00000000	244908.66666667	19009.73988056	-825.93297480	-0.01619062	0.01102679	659.59995899	500.33699646	0.00000001	0.00000015	0.00000000	0.00000000	0.00000000	0.00000000	0.00000000
20:41:47	2952.86800000	659.79880223	1604.66666667	0.00000000	0.00000000	0.00000000	0.00000000	0.00000000	0.00000000	245902.66666667	18988.09839992	-847.89907903	-0.01594461	0.01129206	659.80007569	500.24887695	0.00000001	0.00000015	0.00000000	0.00000000	0.00000000	0.00000000	0.00000000
20:41:47	2952.86800000	660.00016508	1615.00000000	0.00000000	0.00000000	0.00000000	0.00000000	0.00000000	0.00000000	246271.33333333	19017.68230414	-834.73023697	-0.01610525	0.01111990	659.99993180	500.16970079	0.00000001	0.00000015	0.00000000	0.00000000	0.00000000	0.00000000	0.00000000
20:41:47	2952.86800000	660.49985272	1635.00000000	0.00000000	0.00000000	0.00000000	0.00000000	0.00000000	0.00000000	247300.66666667	18972.62474129	-863.05893738	-0.01576721	0.01151686	660.50034570	500.16029121	0.00000001	0.00000015	0.00000000	0.00000000	0.00000000	0.00000000	0.00000000
20:41:47	2952.86800000	660.99968842	1542.33333333	0.00000000	0.00000000	0.00000000	0.00000000	0.00000000	0.00000000	248076.66666667	19012.83461229	-849.15428479	-0.01591242	0.01135228	661.00019157	500.12405158	0.00000001	0.00000015	0.00000000	0.00000000	0.00000000	0.00000000	0.00000000
20:41:47	2952.86800000	661.50028119	1615.33333333	0.00000000	0.00000000	0.00000000	0.00000000	0.00000000	0.00000000	248941.00000000	19067.92300143	-839.87549942	-0.01603697	0.01119905	661.50051362	500.16245287	0.00000001	0.00000015	0.00000000	0.00000000	0.00000000	0.00000000	0.00000000
20:41:47	2952.86800000	662.00071626	1588.66666667	0.00000000	0.00000000	0.00000000	0.00000000	0.00000000	0.00000000	249825.66666667	19174.51811445	-840.53556458	-0.01602598	0.01121718	662.00040943	500.24607951	0.00000001	0.00000015	0.00000000	0.00000000	0.00000000	0.00000000	0.00000000
20:41:47	2952.86800000	662.49946140	1597.00000000	0.00000000	0.00000000	0.00000000	0.00000000	0.00000000	0.00000000	250884.33333333	19244.51748375	-844.13346101	-0.01597507	0.01131889	662.49963377	500.15613742	0.00000001	0.00000015	0.00000000	0.00000000	0.00000000	0.00000000	0.00000000
20:41:47	2952.86800000	662.99936717	1617.66666667	0.00000000	0.00000000	0.00000000	0.00000000	0.00000000	0.00000000	251958.66666667	19288.18999175	-872.39182617	-0.01567615	0.01157594	662.99980919	500.28651530	0.00000001	0.00000015	0.00000000	0.00000000	0.00000000	0.00000000	0.00000000
20:41:47	2952.86800000	663.49941417	1624.66666667	0.00000000	0.00000000	0.00000000	0.00000000	0.00000000	0.00000000	253004.33333333	19396.40280549	-835.15224586	-0.01607592	0.01117931	663.49978200	500.39561564	0.00000001	0.00000015	0.00000000	0.00000000	0.00000000	0.00000000	0.00000000
20:41:47	2952.86800000	664.00042093	1603.66666667	0.00000000	0.00000000	0.00000000	0.00000000	0.00000000	0.00000000	254040.66666667	19507.23423825	-817.02209438	-0.01625641	0.01099287	663.99980266	500.29872233	0.00000001	0.00000015	0.00000000	0.00000000	0.00000000	0.00000000	0.00000000
20:41:47	2952.86800000	664.49992760	1617.33333333	0.00000000	0.00000000	0.00000000	0.00000000	0.00000000	0.00000000	255019.66666667	19509.37133453	-852.08670562	-0.01589327	0.01136569	664.50145154	500.19445394	0.00000001	0.00000015	0.00000000	0.00000000	0.00000000	0.00000000	0.00000000
20:41:47	2952.86800000	665.00049464	1596.66666667	0.00000000	0.00000000	0.00000000	0.00000000	0.00000000	0.00000000	256015.00000000	19567.38673371	-848.97033224	-0.01590311	0.01136088	664.99863663	500.28219198	0.00000001	0.00000015	0.00000000	0.00000000	0.00000000	0.00000000	0.00000000
20:41:47	2952.86800000	665.50150767	1589.33333333	0.00000000	0.00000000	0.00000000	0.00000000	0.00000000	0.00000000	256740.33333333	19689.59617483	-876.30352415	-0.01562556	0.01166786	665.50100710	500.17894084	0.00000001	0.00000015	0.00000000	0.00000000	0.00000000	0.00000000	0.00000000
20:41:47	2952.86800000	665.99884430	1590.33333333	0.00000000	0.00000000	0.00000000	0.00000000	0.00000000	0.00000000	257875.00000000	19713.85627478	-879.78239237	-0.01556643	0.01173154	666.00014908	500.26922201	0.00000001	0.00000015	0.00000000	0.00000000	0.00000000	0.00000000	0.00000000
20:41:47	2952.86800000	666.50002145	1601.00000000	0.00000000	0.00000000	0.00000000	0.00000000	0.00000000	0.00000000	258948.00000000	19795.21742122	-866.24564529	-0.01573923	0.01154397	666.49975112	500.43172811	0.00000001	0.00000015	0.00000000	0.00000000	0.00000000	0.00000000	0.00000000
20:41:47	2952.86800000	666.99947242	1625.66666667	0.00000000	0.00000000	0.00000000	0.00000000	0.00000000	0.00000000	260039.66666667	19845.07398225	-904.59976193	-0.01539227	0.01184170	667.00032002	500.34220988	0.00000001	0.00000015	0.00000000	0.00000000	0.00000000	0.00000000	0.00000000
20:41:47	2952.86800000	667.49884424	1663.66666667	0.00000000	0.00000000	0.00000000	0.00000000	0.00000000	0.00000000	261017.33333333	19916.20411852	-873.78770175	-0.01571954	0.01151745	667.49904265	500.25498047	0.00000001	0.00000015	0.00000000	0.00000000	0.00000000	0.00000000	0.00000000
20:41:47	2952.86800000	667.99917173	1616.33333333	0.00000000	0.00000000	0.00000000	0.00000000	0.00000000	0.00000000	261878.00000000	19905.99475023	-911.34108360	-0.01532751	0.01192437	667.99961339	500.15274658	0.00000001	0.00000015	0.00000000	0.00000000	0.00000000	0.00000000	0.00000000
20:41:47	2952.86800000	668.50149595	1626.33333333	0.00000000	0.00000000	0.00000000	0.00000000	0.00000000	0.00000000	262724.66666667	20005.56179225	-838.97737790	-0.01606726	0.01118986	668.50183654	500.04737617	0.00000001	0.00000015	0.00000000	0.00000000	0.00000000	0.00000000	0.00000000
20:41:47	2952.86800000	668.99937630	1616.66666667	0.00000000	0.00000000	0.00000000	0.00000000	0.00000000	0.00000000	263872.00000000	20037.68857015	-868.51800103	-0.01575444	0.01147038	668.99941731	500.28727824	0.00000001	0.00000015	0.00000000	0.00000000	0.00000000	0.00000000	0.00000000
20:41:47	2952.86800000	669.50008188	1598.66666667	0.00000000	0.00000000	0.00000000	0.00000000	0.00000000	0.00000000	265254.00000000	20062.07851864	-902.84680188	-0.01539227	0.01185236	669.50011593	500.33008762	0.00000001	0.00000015	0.00000000	0.00000000	0.00000000	0.00000000	0.00000000
20:41:47	2952.86800000	669.99913841	1633.33333333	0.00000000	0.00000000	0.00000000	0.00000000	0.00000000	0.00000000	266197.00000000	20171.88198113	-858.85507929	-0.01582704	0.01140973	669.99995184	500.23832296	0.00000001	0.00000015	0.00000000	0.00000000	0.00000000	0.00000000	0.00000000
20:41:47	2952.86800000	670.50029754	1630.66666667	0.00000000	0.00000000	0.00000000	0.00000000	0.00000000	0.00000000	267084.66666667	20195.68219938	-913.13732668	-0.01534509	0.01186821	670.50060549	500.14274360	0.00000001	0.00000015	0.00000000	0.00000000	0.00000000	0.00000000	0.00000000
20:41:47	2952.86800000	671.00032379	1627.00000000	0.00000000	0.00000000	0.00000000	0.00000000	0.00000000	0.00000000	267869.33333333	20267.93228243	-861.47369853	-0.01581401	0.01144544	671.00024275	500.16673381	0.00000001	0.00000015	0.00000000	0.00000000	0.00000000	0.00000000	0.00000000
20:41:47	2952.86800000	671.50025818	1654.66666667	0.00000000	0.00000000	0.00000000	0.00000000	0.00000000	0.00000000	269163.66666667	20382.36161106	-875.87610498	-0.01571180	0.01151486	671.50032403	500.15185649	0.00000001	0.00000015	0.00000000	0.00000000	0.00000000	0.00000000	0.00000000
20:41:47	2952.86800000	671.99957397	1701.66666667	0.00000000	0.00000000	0.00000000	0.00000000	0.00000000	0.00000000	270371.33333333	20409.48379674	-884.74911249	-0.01560538	0.01161728	672.00058211	500.48644782	0.00000001	0.00000015	0.00000000	0.00000000	0.00000000	0.00000000	0.00000000
20:41:47	2952.86800000	672.49973796	1657.33333333	0.00000000	0.00000000	0.00000000	0.00000000	0.00000000	0.00000000	271177.00000000	20477.62740864	-888.98543267	-0.01557243	0.01171255	672.50106909	500.38607890	0.00000001	0.00000015	0.00000000	0.00000000	0.00000000	0.00000000	0.00000000
20:41:47	2952.86800000	672.99959459	1660.33333333	0.00000000	0.00000000	0.00000000	0.00000000	0.00000000	0.00000000	272251.66666667	20600.64840509	-855.11651314	-0.01591513	0.01131576	672.99977067	500.28727824	0.00000001	0.00000015	0.00000000	0.00000000	0.00000000	0.00000000	0.00000000
20:41:47	2952.86800000	673.50019485	1667.66666667	0.00000000	0.00000000	0.00000000	0.00000000	0.00000000	0.00000000	273206.66666667	20692.70585319	-826.12774802	-0.01619165	0.01105157	673.50005057	500.27201945	0.00000001	0.00000015	0.00000000	0.00000000	0.00000000	0.00000000	0.00000000
20:41:47	2952.86800000	673.99995701	1664.66666667	0.00000000	0.00000000	0.00000000	0.00000000	0.00000000	0.00000000	274133.33333333	20798.75992883	-826.56598796	-0.01617661	0.01108160	673.99999001	500.20229526	0.00000001	0.00000015	0.00000000	0.00000000	0.00000000	0.00000000	0.00000000
20:41:47	2952.86800000	674.49919284	1725.00000000	0.00000000	0.00000000	0.00000000	0.00000000	0.00000000	0.00000000	275179.33333333	20867.76919998	-835.61212742	-0.01610757	0.01113548	674.50026456	500.24764777	0.00000001	0.00000015	0.00000000	0.00000000	0.00000000	0.00000000	0.00000000
20:41:47	2952.86800000	675.00012162	1685.00000000	0.00000000	0.00000000	0.00000000	0.00000000	0.00000000	0.00000000	276575.33333333	20975.30030636	-818.62356412	-0.01624462	0.01100320	675.00005177	500.34004822	0.00000001	0.00000015	0.00000000	0.00000000	0.00000000	0.00000000	0.00000000
