Date: 11/2/2016

Start, Stop, Increment
Mono Energy
Start: 627.00000000
Stop: 637.00000000
Increment: 1.00000000
Delay After Move (s): 0.00000000
Count Time (s): 1.00000000
Scan Number: 1
Bi-directional: No
Stay at End: 0
Description Length: 32
incr=0.1, delay after move = 0.2
Time (s)	Mono Energy	Undulator Gap	Mono Energy	Mono Energy Goal	Beam Current	Storage Ring Energy	Bunch Charges	Gate	Counter 0	Counter 1	Counter 2	Counter 3	Counter 4	Counter 5	Counter 6	User Ring Energy
142.28100000	627.00232317	22.69972228	627.00098315	627.00000000	500.12104992	1.89278102	0.57408726	0.00000000	117215.00000000	9062.00000000	5340.00000000	60486.00000000	0.00000000	0.00000000	0.00000000	1.91666711
3.25600000	627.99928192	22.72095958	628.00046229	628.00000000	500.05966797	1.89278102	0.57375765	0.00000000	114697.00000000	9097.00000000	5262.00000000	61646.00000000	0.00000000	0.00000000	0.00000000	1.91666711
6.60800000	629.00543286	22.73462268	629.00610855	629.00000000	499.99863281	1.89278102	0.57336188	0.00000000	114142.00000000	8903.00000000	5292.00000000	59987.00000000	0.00000000	0.00000000	0.00000000	1.91666711
10.65200000	630.00575970	22.75108129	630.00487670	630.00000000	500.16751986	1.89278102	0.57373146	0.00000000	114587.00000000	8832.00000000	5155.00000000	59606.00000000	0.00000000	0.00000000	0.00000000	1.91666711
14.39100000	631.00321876	22.76800585	631.00433890	631.00000000	500.07596713	1.89278102	0.57332206	0.00000000	114488.00000000	8837.00000000	5178.00000000	59405.00000000	0.00000000	0.00000000	0.00000000	1.91666711
17.83200000	632.00384159	22.78460171	632.00496253	632.00000000	500.00626221	1.89278102	0.57339912	0.00000000	115095.00000000	9039.00000000	5322.00000000	59359.00000000	0.00000000	0.00000000	0.00000000	1.91666711
21.35100000	633.00764327	22.80199461	633.00514873	633.00000000	499.94141235	1.89278102	0.57378981	0.00000000	110167.00000000	9933.00000000	5177.00000000	56866.00000000	0.00000000	0.00000000	0.00000000	1.91666711
25.02600000	634.00852631	22.81921152	634.00852631	634.00000000	500.19248879	1.89278102	0.57328825	0.00000000	114917.00000000	10525.00000000	5572.00000000	59761.00000000	0.00000000	0.00000000	0.00000000	1.91666711
29.08300000	635.00338193	22.83595683	635.00442005	635.00000000	500.12070312	1.89278102	0.57372449	0.00000000	117211.00000000	10907.00000000	5599.00000000	61245.00000000	0.00000000	0.00000000	0.00000000	1.91666711
32.82000000	636.01366732	22.85233873	636.01171009	636.00000000	500.05377253	1.89278102	0.57355487	0.00000000	117994.00000000	10301.00000000	5465.00000000	60507.00000000	0.00000000	0.00000000	0.00000000	1.91666711
36.56000000	637.02717284	22.86916417	637.02685868	637.00000000	499.96950240	1.89278102	0.57323164	0.00000000	112427.00000000	9271.00000000	5059.00000000	56034.00000000	0.00000000	0.00000000	0.00000000	1.91666711
